149.5616209
152.7147633
151.3561784
151.7176325
151.2702894
153.2079707
152.5101129
152.5773416
152.5576717
151.7359904
152.5662699
152.0887177
153.3665042
153.4142766
152.9909724
152.3298746
153.7660985
153.5872244
153.0396292
152.4157769
152.4778369
152.0860178
153.017665
153.1790354
153.9727967
152.7266219
152.3182233
153.1730069
153.8516059
152.9710876
152.8497464
153.8189116
152.7099845
152.5051345
152.4638117
154.1597908
153.201595
154.4208866
152.5246596
154.2256811
154.1150698
153.2850895
154.3383896
152.763645
152.8396858
154.0810016
153.7709396
153.0231198
154.2588728
154.4194992
153.0670764
154.3764892
153.8975429
152.7777246
153.7718476
153.6857621
154.4336299
154.2424356
152.665298
152.7935185
154.0743003
153.2005692
154.2766768
153.1021015
153.8383917
152.3577923
152.3298308
152.9392136
154.0611549
152.4519474
153.2543289
153.577826
152.5279457
152.5990232
153.7667828
152.7473674
153.5513894
153.681237
153.0792575
151.7419661
152.8681853
152.8404171
153.3331597
152.5526067
151.4250005
152.6190717
152.3228072
152.9006521
152.0172601
152.0331243
151.9455326
150.9325224
151.2129323
151.5801255
152.2165824
152.16999
150.5147778
151.7935157
152.0310227
151.8917514
150.7459329
148.6477966
148.6615876
148.3799999
149.4431922
148.5374182
148.7014123
148.5220913
147.3942365
148.174031
149.092263
147.4491439
147.8702966
148.6157616
147.5354965
148.5118746
148.188285
148.2724786
147.160823
147.125475
148.1596556
148.5092578
148.375524
146.7830274
148.2393208
146.7625837
146.7417533
148.0506467
147.3083853
146.8968099
148.3039892
147.8486135
148.209413
146.9072571
147.3946443
147.8920256
146.3315049
147.4831102
146.7346133
147.8754687
147.7476784
147.4795425
146.6090795
147.2063142
146.4219162
146.1350563
146.4583344
146.3773487
147.5344802
147.8945411
146.3164015
147.0865283
146.4798175
146.6485322
146.7980444
146.5641108
147.368857
147.3956889
147.1087839
146.8983793
147.5878187
146.6720125
147.9985884
147.1310587
146.8293606
147.1457444
146.665885
146.7269541
148.075199
148.2169967
146.5937885
148.2810496
146.7213368
147.3478862
147.3584609
148.0940609
146.9937771
148.2868837
148.3754144
147.2671483
148.8901202
147.126469
147.8125011
148.8023555
149.2282181
147.3327089
149.2163211
149.1661763
148.2279061
148.3077883
147.6888539
148.1554396
148.4372537
148.9603136
148.7135117
149.6550716
148.3996249
148.4331156
149.6903146
149.9796932
149.8100215
150.2170262
150.012765
151.8679061
150.7791153
151.7266938
150.9766138
151.2364505
152.1668084
150.5636265
150.8161442
151.1944191
152.100935
151.539243
152.246258
150.9878581
151.3383321
152.3057499
152.2633722
152.3847075
152.4070493
152.2517866
151.9460173
151.3632982
152.7068922
152.0233294
152.8155607
151.5495041
151.4047374
152.1869812
152.1977514
152.7101971
152.241419
152.2106629
151.8370116
151.5684113
151.5749931
152.5154883
152.9402005
152.6948287
151.5805191
152.2707132
153.2235175
152.1250736
152.0475042
152.9358753
152.7024488
151.6587554
152.3206808
152.916111
151.7472249
152.7040461
153.4606203
153.4766715
152.4021107
152.3738119
151.6746354
152.8591198
152.582441
151.966963
151.7439306
151.5080519
151.8450965
153.0511985
152.3282063
151.7819095
151.3729748
152.6107292
151.6283757
152.4700894
151.5723066
152.0013864
152.8027226
151.7319565
152.3026215
152.6587626
151.4763415
152.1014843
151.2937076
152.4755096
151.9889576
151.7696826
151.0691683
151.053131
151.0617676
151.70817
152.1340821
151.0614669
151.5368368
151.4127781
151.5348039
151.0919491
151.0755705
151.1051031
151.6160163
150.1042448
150.2820019
151.3316278
150.7904733
151.0938474
149.3064612
150.490296
148.776759
150.1086438
149.4709931
148.8363877
150.1881465
148.213874
149.4870797
148.6523049
148.9542244
148.3062268
149.6954564
149.6412309
149.5822327
147.8456507
147.7035233
148.2481704
149.0388791
147.5419922
148.4123134
147.9713201
148.0916646
148.9174921
148.4817248
148.263532
148.0172694
148.9468763
148.313964
148.8141808
148.682476
148.3148592
148.4874943
148.5281793
148.6413431
148.6200899
148.1960155
146.9942325
148.172653
147.429308
146.7496404
148.3800241
148.6984592
148.5731466
146.7575282
147.1031714
146.8961036
148.5462301
148.4276879
147.9745625
148.6006775
147.8817681
147.8874127
147.546522
147.2087305
147.1501183
146.8813064
148.5641218
147.3522867
147.8584044
147.5299004
147.5567914
147.5094207
147.9103425
147.2352331
147.8155557
147.2499065
147.0478937
148.1289732
148.3442404
148.744353
148.8771518
148.7117772
147.818821
148.8364306
148.7453841
147.8815817
148.8848342
149.4139996
149.261471
148.7672743
149.3470339
148.0111559
149.6109933
149.1380405
148.4249013
149.4022415
148.541532
148.8873118
148.2851103
148.5220639
149.7049531
148.4444053
148.8449513
148.7550474
149.8286035
149.712295
149.6553095
148.7424317
148.9452118
149.2432205
150.0266055
150.0483042
150.4791783
150.9179003
150.0717813
149.8264066
151.6816327
150.9799559
149.9827915
150.1659144
151.60444
151.7272388
150.8270702
152.0399341
151.2802365
150.2976302
151.2945897
150.526315
150.7735829
151.2665442
152.0478714
151.9573084
151.3874192
152.4806617
151.1038937
151.7982349
152.257298
151.4761427
151.7798538
152.4045515
151.4543787
152.337483
151.5382264
151.6111697
151.6598537
151.6676635
152.9817641
151.4680498
151.518061
151.6654195
151.7356827
152.6480299
152.9455919
152.8279597
152.6429893
152.5722276
152.0266541
152.0588574
152.8989978
153.0072712
151.9853593
152.744475
152.7055127
152.9484648
152.374308
151.881506
151.4540472
151.6486929
151.440083
152.3208548
151.1433061
151.4438716
152.5133476
151.4372805
152.1946607
152.6415439
151.0891189
152.7768921
151.8238788
151.6281261
151.4199223
150.9097255
152.1842338
152.1324121
151.669343
152.3715503
150.9304295
150.7374413
150.4639361
152.0858029
150.3486993
150.5256018
150.2196088
150.4150459
151.5557068
151.365349
151.081274
151.1838677
151.8284693
151.3957573
150.064058
150.8578334
151.0643783
149.7883509
151.1620104
150.3747135
149.9108779
149.7471499
149.4093798
149.505181
150.3185217
150.3113909
150.1400357
149.7576035
150.0052581
150.2407439
149.5822053
148.7162085
148.4524684
149.3515301
149.8395915
149.5916761
148.8040672
149.5965707
148.6096861
149.2996681
148.5918167
149.5674853
149.2945981
149.0466731
148.8289767
148.9698842
148.5841041
149.2333247
148.9774593
148.5164559
147.7946973
147.3828661
148.7978115
148.0637662
147.2909563
147.347753
148.5695355
148.7458646
148.105431
148.1812036
148.502126
148.7160057
147.3927456
147.554454
148.2651871
148.3033154
148.2918023
148.4906921
147.1290699
146.9107798
147.5097352
147.3177128
147.1046819
148.4927375
148.7188858
148.4609884
147.7014408
148.1722838
147.7499412
148.8376103
147.2034331
148.8402538
148.135109
147.7350019
147.2213358
147.5578903
147.3308076
148.8846885
147.3540457
148.9753615
147.2093129
147.8922845
147.6917878
147.4430745
149.1139615
148.5682777
149.0509216
148.356524
147.5013596
147.8377005
149.4338281
148.3442342
149.1989666
149.387519
149.6427311
148.3792623
148.7470149
149.0055645
149.9109902
149.3227668
149.6881668
149.5286311
149.552811
149.4643992
148.4775653
149.5648
150.1408485
149.197698
148.8148189
150.3256448
150.4580224
149.2445327
150.5453263
150.4743659
149.2788805
149.470613
149.4094701
150.135781
149.8441605
150.1688736
150.8004608
150.4014225
150.8316022
149.9453899
150.3509975
150.0974441
151.345446
151.1523731
150.2301899
150.4874387
150.3546042
151.9570622
150.4028594
151.9817642
151.0824294
151.6866494
150.7939937
152.2316812
150.862308
152.1276947
150.7101051
151.6481528
151.3553726
150.7140153
151.2485191
152.31073
150.9329743
152.1686504
152.114925
151.6414451
151.685493
151.3169663
151.4005612
152.8427252
151.9807096
151.1581874
151.8977366
152.3309403
151.1789474
153.0441638
152.5079532
151.4376511
152.8846889
151.3145441
152.3861847
152.6753282
152.7086359
151.7897249
151.6883566
151.2597381
151.7856463
152.1822953
152.7273596
151.5599205
151.5629062
151.8330733
152.483059
152.5947625
152.779593
151.6112362
151.7856075
151.1838984
152.2054854
150.8638732
150.9677124
152.2659608
151.7240829
151.4583751
150.6506048
150.4450096
150.7449396
151.3263017
150.7185175
150.3235324
150.2405093
151.1445037
151.8051067
151.5319271
150.5291622
150.6016731
151.3694774
149.82161
151.4496891
151.1529058
150.9660147
151.0467385
151.2650066
150.0050823
149.3820261
151.2264354
150.2899436
150.4022605
149.770382
149.3579828
149.4456994
149.7265583
150.7292908
150.164905
149.0797276
148.6538136
148.5705022
148.6425834
148.9221835
150.0992634
149.5176533
148.4708499
148.6464533
149.0287541
148.1844881
149.0967789
149.79889
148.5402445
148.9775017
148.3928109
148.292397
148.589627
148.38539
148.5582276
148.1954145
148.9801493
148.6276855
147.466312
147.394615
148.6383266
147.8127241
148.9865032
148.792868
149.1843341
147.3723125
147.4676819
148.4144058
148.464247
148.504084
147.9425979
147.3526281
147.3218361
148.4106854
147.8392157
147.9237304
147.8135931
147.4176946
147.4645999
147.2335217
147.5574418
147.1955172
147.063302
148.5718824
147.7771333
147.9260566
148.3639861
148.0266057
147.5793016
148.6008703
147.4496122
147.1030184
147.6018411
148.5886571
148.3004897
148.3740675
148.7263863
148.7443352
147.8887718
148.0371032
147.394398
148.8545705
148.7711049
147.5479262
148.2355712
149.2968336
149.3608408
147.9570202
149.1489921
148.8184684
149.4279893
148.3255668
149.8719395
148.1103248
149.85429
148.493685
149.033796
148.2122661
149.8999394
148.4491049
150.1705312
149.361775
149.800241
150.4238289
149.0105525
149.0942617
148.7966311
149.0088234
149.3811321
149.5618584
150.5176099
149.184339
149.2956685
150.6817922
150.6106327
149.5944265
150.4096363
150.4295967
150.4816921
150.5656101
150.6273869
151.3526438
149.9996859
150.6880141
150.9266541
151.736869
150.0806596
150.3950241
151.2062903
151.2924483
150.7656113
151.8138399
151.9157415
150.3659132
150.4169308
151.1054713
152.1385126
150.7756916
152.3360244
151.42759
151.6390905
151.0537641
150.9338044
151.0969033
151.0832164
151.696354
151.2352512
151.8626397
152.0292607
151.0060901
152.1609693
152.568673
152.3212855
151.1331118
151.7836396
152.6459576
151.3033097
152.7630017
151.6053452
151.8555955
151.9547719
152.1819484
151.362172
151.1922216
152.3181973
152.1681385
151.5643538
152.6444886
152.3725955
151.2006706
152.487233
152.4963257
152.1088351
151.5455028
152.1810693
151.4140621
150.9643856
150.7640948
151.6237042
151.7589917
151.2703437
152.2565108
150.7178734
150.9112205
151.418121
151.7262852
150.4886689
150.7122457
150.6328892
150.8166243
151.1957847
150.768772
150.2493508
150.0789873
150.2239834
150.3429537
151.7398147
151.2444292
150.0928695
150.8838667
151.018543
150.4406019
151.3491406
149.8114429
150.5915057
149.8262751
149.512492
149.8405251
150.0792227
149.3610255
149.7157653
150.4026284
148.8934953
150.0652767
148.9520847
149.4081261
148.8451643
148.8652855
148.8597388
148.7288861
149.6521845
149.2573146
149.8615676
148.4920299
149.4093075
148.8207281
149.0495282
148.6633856
148.93627
149.1636881
148.5237179
147.9157933
149.6980043
148.0737296
149.5574642
148.8915922
148.6418048
147.775281
148.8661351
148.3181756
149.0477782
148.4300623
148.4583471
149.0649418
147.4784999
149.118183
147.5037466
148.3747347
148.2929901
147.7684512
147.9383265
147.2203141
147.9983927
148.4070046
147.1038297
148.9983017
148.2606977
148.0291255
148.1759037
148.7035844
147.2145779
148.7437816
147.4108511
147.8119284
148.2939393
147.2070741
147.2431726
147.7319851
147.1872812
147.4978855
148.1297109
148.8713385
147.9054452
148.3325415
148.002588
148.1303175
148.5225578
148.3546707
148.9643389
147.9184835
148.6046453
149.3440037
149.1996383
148.3773918
148.9640977
147.6205822
149.4317695
148.0207664
148.1376875
148.3808692
149.3919972
148.8124583
148.4059106
149.0436709
149.7586704
149.0148781
149.1360009
148.5235093
148.6166827
150.0108605
149.1179329
149.1884389
150.1310181
149.225247
149.2013372
148.8409601
149.3796504
150.5670536
149.3013022
149.923359
149.3968475
151.0090786
150.6025151
149.3826366
150.5406402
150.1679255
149.7028681
150.2802676
150.130628
149.8083238
150.2916909
150.6962781
150.8145578
150.8602599
150.4167493
151.3160178
151.4678396
150.8895886
150.1183406
151.603513
151.5594159
150.3145585
151.440709
151.2027411
152.0855842
151.5436672
152.0947306
151.5029137
151.793057
152.2389573
151.0258516
152.4612789
151.7660281
152.4149557
150.8478306
151.1718173
152.4390428
151.8544052
152.3284205
152.3731864
151.2064228
152.7186057
150.9962517
151.5571886
151.5987467
152.2289013
152.0405274
152.2583407
152.7722596
152.1624245
151.6656965
151.8862801
152.5385516
151.9445801
151.1977729
151.1110078
151.8824045
150.9984655
151.1193683
152.7055774
151.9419599
151.8905115
151.3556469
151.8720688
151.3693873
151.8488582
151.4397353
151.2155177
151.6177065
150.9702262
151.9463789
150.6250413
150.7403462
152.4579346
151.7188144
151.8960506
151.464193
152.1133081
151.6708172
150.2625072
152.0469244
151.7715262
150.5406696
151.8467832
151.5761186
150.2266212
150.5466184
151.6894688
150.316647
150.2618076
151.0687168
151.1345149
151.2454766
149.4637037
150.9508447
150.9379629
149.8356147
149.5528076
149.4359827
149.9283252
150.9158408
149.9058284
149.4553077
150.3845997
150.7390221
149.2131691
148.6579406
148.5564436
148.6828699
149.0223192
148.7856747
150.3043745
148.763859
148.5084783
149.4185632
148.3804082
148.7556916
149.5030946
149.1020352
148.0259136
148.7703211
148.8885058
148.4849935
149.44758
148.5225403
148.8986418
147.6159555
147.8218507
149.0546598
147.5998769
149.015236
148.0166484
149.0569272
148.3473882
148.7382107
147.6146492
148.6680844
147.1674711
147.3900066
148.884449
148.9467606
147.409017
147.9159405
148.2268807
148.9900466
148.665733
147.4044339
148.9140977
148.910977
148.7571966
147.6842145
147.3615965
147.0574155
148.0416514
147.1451532
147.809882
148.4705897
147.3555615
147.3207806
148.5222674
148.0029828
147.5593957
147.5200728
148.3664081
148.1963424
147.7466128
148.9467672
148.8944232
147.3256013
148.320039
148.9024495
148.7037049
149.3249181
148.0078089
149.3652864
148.6960173
148.2068101
148.0171263
147.7246508
148.4792164
147.8320772
148.917054
148.9478295
149.3129777
149.3732749
148.6251185
148.200774
149.8726576
148.8722076
148.8257212
148.7839866
149.2038388
150.1122924
149.2514182
150.4483266
150.0588342
150.144897
150.5396242
149.4643669
150.8928726
149.0292867
149.3602053
149.8944468
150.6236621
149.4347417
150.358742
149.4348816
150.095048
151.1164627
151.1151819
150.863102
150.9118144
150.0264859
150.851507
150.1520718
150.3785733
150.1162943
150.0817372
151.676122
151.4721658
151.4010897
150.5520287
150.860177
151.7475396
152.0607318
151.4468286
150.6375939
150.8771378
151.1991852
152.4856995
151.1574498
151.3794633
150.8603367
152.4570341
152.0619482
151.5251656
152.3102155
152.7373698
150.9230803
152.4573082
152.0457445
151.0349079
152.0267928
152.0801209
152.7153469
151.2613917
152.3077189
151.3607193
151.0489302
152.3269825
152.5901698
151.7027088
152.5079509
151.5767245
151.4902656
151.3626381
151.183337
151.1913334
151.0363959
151.8646881
151.8637567
151.8334466
152.5990838
150.9537452
151.5484052
152.5248978
151.3497044
152.5381774
151.4684419
152.6512523
151.401818
151.0812725
151.5136452
152.4542708
150.7441124
151.4838902
151.5729448
151.3902021
151.0435873
151.9065288
151.7853788
151.422324
151.5916439
150.2600261
151.9228059
149.9783692
150.3717469
151.7661494
151.6108813
150.8120988
151.3447386
150.938691
150.4603011
151.0777451
150.7733635
150.605207
150.3629694
149.6747235
150.8449143
150.8814534
150.4425503
150.0312884
150.787675
150.4138004
148.8793355
149.8383521
149.8398613
149.8289929
150.1135417
149.3737418
148.4750571
148.9931674
149.4093563
148.5300273
149.7264048
148.6829944
149.4682461
148.2467464
148.4696291
149.685768
148.7506358
147.988901
147.7991706
148.9371236
148.1071549
149.4351528
148.5405265
147.7159151
147.7480927
148.9326543
149.1437751
147.812475
147.942575
147.8447649
148.7842725
148.641165
149.0263191
148.0995187
148.2197062
147.3897808
147.4242876
147.9486796
148.5553321
148.5366208
147.3145675
147.8374961
148.3109611
148.1061444
147.5844558
148.646045
147.8147859
147.040776
147.0795592
148.3939838
147.7644425
147.5791976
148.1279264
147.6240964
148.3623386
147.522251
148.3968762
147.3640284
149.1372916
147.6856543
147.789474
148.7592064
149.0748061
148.1188975
149.1045316
147.842205
147.4835613
149.0901462
148.8438011
149.2242214
147.6683119
149.0897652
148.4626061
149.2312346
147.9494156
148.9188467
149.1405066
149.5465478
148.6144018
148.2970508
148.7024308
149.3365715
149.6850952
150.1658186
148.8546258
149.3090139
148.6249887
150.1684717
149.3485187
150.4947924
150.4004799
149.1435474
149.2118779
150.0421374
149.6918096
149.8701383
149.3087595
150.8611755
151.0466468
149.6208631
150.8309932
149.9176372
151.1299909
150.6566062
151.3253328
151.1078407
150.3093376
150.720706
150.4296519
149.9152007
151.1774877
150.2258794
150.6264236
151.0413116
151.5172969
150.2716882
151.1936281
152.0597196
150.9293632
151.4509453
150.8199537
150.8936732
152.0381154
151.4964669
151.3334639
152.1828161
152.4843756
152.4794685
152.637772
152.3764197
151.0525952
151.0196578
151.4141592
152.1892115
152.4101384
151.7924842
151.7406567
152.2490851
151.7593481
152.6445696
152.1866444
152.7031344
151.4888509
151.7484028
152.7538425
151.8919775
152.837337
152.5259412
152.1686592
152.0680564
152.3771208
151.3388798
152.4031588
151.9464015
